emax => 6
e3max => 0
method => magnus
valence_space => He2
hw => 27.2114
smax => 200
omega_norm_max => 0.25
reference => He2
Operators => 
Lmax => 0
systemtype => atomic
use_brueckner_bch => false
file2e1max => 6
file2e2max => 12
file2lmax => 6
2bme => atomicME_Be4Aug10_emax18_lmax4_hw27.2114.json
systemBasis => hydrogen
About to construct modelspace eMax=6 Lmax=0 SystemType=atomic Valence_Space=He2 reference=He2 systemBasis=hydrogen
SystemBasis=hydrogen
core list: 0 
valence list: 
hole list: 0 ( 1 ) 
Hydrogen Orbit with n=1 l=0 j2=1 tz=-1 occ=1 cvq=0 at indx=0
Hydrogen Orbit with n=2 l=0 j2=1 tz=-1 occ=0 cvq=2 at indx=1
Hydrogen Orbit with n=3 l=0 j2=1 tz=-1 occ=0 cvq=2 at indx=2
Hydrogen Orbit with n=4 l=0 j2=1 tz=-1 occ=0 cvq=2 at indx=3
Hydrogen Orbit with n=5 l=0 j2=1 tz=-1 occ=0 cvq=2 at indx=4
Hydrogen Orbit with n=6 l=0 j2=1 tz=-1 occ=0 cvq=2 at indx=5
Reset norbits=6
Resized Orbits; Orbits.size()=6
Setting up kets.
Entering SetupKets()
Set up kets.
Default modelspace constructed, setting SystemType.
modelspace initialized.
Emax is 6
Setting target mass.
Setting E3Max.
Setting lmax3.
Setting particle_rank.
particle_rank=2 Constructing Hbare, norbits=6
New profiler...
Initiliation complete! N_threads=12
Constructed Hbare, setting hermitian.
Set Hermitian, destroying any relic 0, 1, or 2 body elements.
Erased relic 0, 1, and 2 body elements about to ReadBareTBME_Darmstadt
Adding two-body correction.
n1=1 l1=0 m1=0
n2=1 l2=0 m2=0
n3=1 l3=0 m3=0
n4=1 l3=0 m4=0
this is 34.0292
n1=1 l1=0 m1=0
n2=1 l2=0 m2=0
n3=1 l3=0 m3=0
n4=2 l3=0 m4=0
this is 4.86478
n1=1 l1=0 m1=0
n2=1 l2=0 m2=0
n3=2 l3=0 m3=0
n4=2 l3=0 m4=0
this is 1.19483
n1=1 l1=0 m1=0
n2=1 l2=0 m2=0
n3=1 l3=0 m3=0
n4=3 l3=0 m4=0
this is 2.39332
n1=1 l1=0 m1=0
n2=1 l2=0 m2=0
n3=2 l3=0 m3=0
n4=3 l3=0 m4=0
this is 0.610995
n1=1 l1=0 m1=0
n2=1 l2=0 m2=0
n3=3 l3=0 m3=0
n4=3 l3=0 m4=0
this is 0.31399
n1=1 l1=0 m1=0
n2=1 l2=0 m2=0
n3=1 l3=0 m3=0
n4=4 l3=0 m4=0
this is 1.50304
n1=1 l1=0 m1=0
n2=1 l2=0 m2=0
n3=2 l3=0 m3=0
n4=4 l3=0 m4=0
this is 0.388386
n1=1 l1=0 m1=0
n2=1 l2=0 m2=0
n3=3 l3=0 m3=0
n4=4 l3=0 m4=0
this is 0.199922
n1=1 l1=0 m1=0
n2=1 l2=0 m2=0
n3=4 l3=0 m3=0
n4=4 l3=0 m4=0
this is 0.12732
n1=1 l1=0 m1=0
n2=1 l2=0 m2=0
n3=1 l3=0 m3=0
n4=5 l3=0 m4=0
this is 1.05911
n1=1 l1=0 m1=0
n2=1 l2=0 m2=0
n3=2 l3=0 m3=0
n4=5 l3=0 m4=0
this is 0.275168
n1=1 l1=0 m1=0
n2=1 l2=0 m2=0
n3=3 l3=0 m3=0
n4=5 l3=0 m4=0
this is 0.141744
n1=1 l1=0 m1=0
n2=1 l2=0 m2=0
n3=4 l3=0 m3=0
n4=5 l3=0 m4=0
this is 0.0903176
n1=1 l1=0 m1=0
n2=1 l2=0 m2=0
n3=5 l3=0 m3=0
n4=5 l3=0 m4=0
this is 0.0640577
n1=1 l1=0 m1=0
n2=1 l2=0 m2=0
n3=1 l3=0 m3=0
n4=6 l3=0 m4=0
this is 0.799078
n1=1 l1=0 m1=0
n2=1 l2=0 m2=0
n3=2 l3=0 m3=0
n4=6 l3=0 m4=0
this is 0.208206
n1=1 l1=0 m1=0
n2=1 l2=0 m2=0
n3=3 l3=0 m3=0
n4=6 l3=0 m4=0
this is 0.107288
n1=1 l1=0 m1=0
n2=1 l2=0 m2=0
n3=4 l3=0 m3=0
n4=6 l3=0 m4=0
this is 0.0683763
n1=1 l1=0 m1=0
n2=1 l2=0 m2=0
n3=5 l3=0 m3=0
n4=6 l3=0 m4=0
this is 0.0484986
n1=1 l1=0 m1=0
n2=1 l2=0 m2=0
n3=6 l3=0 m3=0
n4=6 l3=0 m4=0
this is 0.0367197
n1=1 l1=0 m1=0
n2=2 l2=0 m2=0
n3=1 l3=0 m3=0
n4=2 l3=0 m4=0
this is 11.4272
n1=1 l1=0 m1=0
n2=2 l2=0 m2=0
n3=2 l3=0 m3=0
n4=2 l3=0 m4=0
this is 0.467259
n1=1 l1=0 m1=0
n2=2 l2=0 m2=0
n3=1 l3=0 m3=0
n4=3 l3=0 m4=0
this is 2.75098
n1=1 l1=0 m1=0
n2=2 l2=0 m2=0
n3=2 l3=0 m3=0
n4=3 l3=0 m4=0
this is 0.247182
n1=1 l1=0 m1=0
n2=2 l2=0 m2=0
n3=3 l3=0 m3=0
n4=3 l3=0 m4=0
this is 0.11474
n1=1 l1=0 m1=0
n2=2 l2=0 m2=0
n3=1 l3=0 m3=0
n4=4 l3=0 m4=0
this is 1.56349
n1=1 l1=0 m1=0
n2=2 l2=0 m2=0
n3=2 l3=0 m3=0
n4=4 l3=0 m4=0
this is 0.158781
n1=1 l1=0 m1=0
n2=2 l2=0 m2=0
n3=3 l3=0 m3=0
n4=4 l3=0 m4=0
this is 0.0740436
n1=1 l1=0 m1=0
n2=2 l2=0 m2=0
n3=4 l3=0 m3=0
n4=4 l3=0 m4=0
this is 0.0457879
n1=1 l1=0 m1=0
n2=2 l2=0 m2=0
n3=1 l3=0 m3=0
n4=5 l3=0 m4=0
this is 1.06021
n1=1 l1=0 m1=0
n2=2 l2=0 m2=0
n3=2 l3=0 m3=0
n4=5 l3=0 m4=0
this is 0.113012
n1=1 l1=0 m1=0
n2=2 l2=0 m2=0
n3=3 l3=0 m3=0
n4=5 l3=0 m4=0
this is 0.0527979
n1=1 l1=0 m1=0
n2=2 l2=0 m2=0
n3=4 l3=0 m3=0
n4=5 l3=0 m4=0
this is 0.0326671
n1=1 l1=0 m1=0
n2=2 l2=0 m2=0
n3=5 l3=0 m3=0
n4=5 l3=0 m4=0
this is 0.0228777
n1=1 l1=0 m1=0
n2=2 l2=0 m2=0
n3=1 l3=0 m3=0
n4=6 l3=0 m4=0
this is 0.784659
n1=1 l1=0 m1=0
n2=2 l2=0 m2=0
n3=2 l3=0 m3=0
n4=6 l3=0 m4=0
this is 0.085714
n1=1 l1=0 m1=0
n2=2 l2=0 m2=0
n3=3 l3=0 m3=0
n4=6 l3=0 m4=0
this is 0.0400915
n1=1 l1=0 m1=0
n2=2 l2=0 m2=0
n3=4 l3=0 m3=0
n4=6 l3=0 m4=0
this is 0.0248095
n1=1 l1=0 m1=0
n2=2 l2=0 m2=0
n3=5 l3=0 m3=0
n4=6 l3=0 m4=0
this is 0.017377
n1=1 l1=0 m1=0
n2=2 l2=0 m2=0
n3=6 l3=0 m3=0
n4=6 l3=0 m4=0
this is 0.0130685
n1=2 l1=0 m1=0
n2=2 l2=0 m2=0
n3=2 l3=0 m3=0
n4=2 l3=0 m4=0
this is 8.18811
n1=2 l1=0 m1=0
n2=2 l2=0 m2=0
n3=1 l3=0 m3=0
n4=3 l3=0 m4=0
this is 0.247182
n1=2 l1=0 m1=0
n2=2 l2=0 m2=0
n3=2 l3=0 m3=0
n4=3 l3=0 m4=0
this is 1.16884
n1=2 l1=0 m1=0
n2=2 l2=0 m2=0
n3=3 l3=0 m3=0
n4=3 l3=0 m4=0
this is 0.407006
n1=2 l1=0 m1=0
n2=2 l2=0 m2=0
n3=1 l3=0 m3=0
n4=4 l3=0 m4=0
this is 0.158781
n1=2 l1=0 m1=0
n2=2 l2=0 m2=0
n3=2 l3=0 m3=0
n4=4 l3=0 m4=0
this is 0.57458
n1=2 l1=0 m1=0
n2=2 l2=0 m2=0
n3=3 l3=0 m3=0
n4=4 l3=0 m4=0
this is 0.226662
n1=2 l1=0 m1=0
n2=2 l2=0 m2=0
n3=4 l3=0 m3=0
n4=4 l3=0 m4=0
this is 0.130271
n1=2 l1=0 m1=0
n2=2 l2=0 m2=0
n3=1 l3=0 m3=0
n4=5 l3=0 m4=0
this is 0.113012
n1=2 l1=0 m1=0
n2=2 l2=0 m2=0
n3=2 l3=0 m3=0
n4=5 l3=0 m4=0
this is 0.365136
n1=2 l1=0 m1=0
n2=2 l2=0 m2=0
n3=3 l3=0 m3=0
n4=5 l3=0 m4=0
this is 0.151195
n1=2 l1=0 m1=0
n2=2 l2=0 m2=0
n3=4 l3=0 m3=0
n4=5 l3=0 m4=0
this is 0.0880709
n1=2 l1=0 m1=0
n2=2 l2=0 m2=0
n3=5 l3=0 m3=0
n4=5 l3=0 m4=0
this is 0.059787
n1=2 l1=0 m1=0
n2=2 l2=0 m2=0
n3=1 l3=0 m3=0
n4=6 l3=0 m4=0
this is 0.085714
n1=2 l1=0 m1=0
n2=2 l2=0 m2=0
n3=2 l3=0 m3=0
n4=6 l3=0 m4=0
this is 0.260989
n1=2 l1=0 m1=0
n2=2 l2=0 m2=0
n3=3 l3=0 m3=0
n4=6 l3=0 m4=0
this is 0.11067
n1=2 l1=0 m1=0
n2=2 l2=0 m2=0
n3=4 l3=0 m3=0
n4=6 l3=0 m4=0
this is 0.0648912
n1=2 l1=0 m1=0
n2=2 l2=0 m2=0
n3=5 l3=0 m3=0
n4=6 l3=0 m4=0
this is 0.0442035
n1=2 l1=0 m1=0
n2=2 l2=0 m2=0
n3=6 l3=0 m3=0
n4=6 l3=0 m4=0
this is 0.0327086
n1=1 l1=0 m1=0
n2=3 l2=0 m2=0
n3=1 l3=0 m3=0
n4=3 l3=0 m4=0
this is 5.41684
n1=1 l1=0 m1=0
n2=3 l2=0 m2=0
n3=2 l3=0 m3=0
n4=3 l3=0 m4=0
this is 0.132144
n1=1 l1=0 m1=0
n2=3 l2=0 m2=0
n3=3 l3=0 m3=0
n4=3 l3=0 m4=0
this is 0.061529
n1=1 l1=0 m1=0
n2=3 l2=0 m2=0
n3=1 l3=0 m3=0
n4=4 l3=0 m4=0
this is 1.57017
n1=1 l1=0 m1=0
n2=3 l2=0 m2=0
n3=2 l3=0 m3=0
n4=4 l3=0 m4=0
this is 0.0851409
n1=1 l1=0 m1=0
n2=3 l2=0 m2=0
n3=3 l3=0 m3=0
n4=4 l3=0 m4=0
this is 0.0397335
n1=1 l1=0 m1=0
n2=3 l2=0 m2=0
n3=4 l3=0 m3=0
n4=4 l3=0 m4=0
this is 0.0245882
n1=1 l1=0 m1=0
n2=3 l2=0 m2=0
n3=1 l3=0 m3=0
n4=5 l3=0 m4=0
this is 0.965639
n1=1 l1=0 m1=0
n2=3 l2=0 m2=0
n3=2 l3=0 m3=0
n4=5 l3=0 m4=0
this is 0.0606823
n1=1 l1=0 m1=0
n2=3 l2=0 m2=0
n3=3 l3=0 m3=0
n4=5 l3=0 m4=0
this is 0.0283544
n1=1 l1=0 m1=0
n2=3 l2=0 m2=0
n3=4 l3=0 m3=0
n4=5 l3=0 m4=0
this is 0.0175513
n1=1 l1=0 m1=0
n2=3 l2=0 m2=0
n3=5 l3=0 m3=0
n4=5 l3=0 m4=0
this is 0.0122882
n1=1 l1=0 m1=0
n2=3 l2=0 m2=0
n3=1 l3=0 m3=0
n4=6 l3=0 m4=0
this is 0.687043
n1=1 l1=0 m1=0
n2=3 l2=0 m2=0
n3=2 l3=0 m3=0
n4=6 l3=0 m4=0
this is 0.0460545
n1=1 l1=0 m1=0
n2=3 l2=0 m2=0
n3=3 l3=0 m3=0
n4=6 l3=0 m4=0
this is 0.0215436
n1=1 l1=0 m1=0
n2=3 l2=0 m2=0
n3=4 l3=0 m3=0
n4=6 l3=0 m4=0
this is 0.0133301
n1=1 l1=0 m1=0
n2=3 l2=0 m2=0
n3=5 l3=0 m3=0
n4=6 l3=0 m4=0
this is 0.00933744
n1=1 l1=0 m1=0
n2=3 l2=0 m2=0
n3=6 l3=0 m3=0
n4=6 l3=0 m4=0
this is 0.00702305
n1=2 l1=0 m1=0
n2=3 l2=0 m2=0
n3=2 l3=0 m3=0
n4=3 l3=0 m4=0
this is 4.57972
n1=2 l1=0 m1=0
n2=3 l2=0 m2=0
n3=3 l3=0 m3=0
n4=3 l3=0 m4=0
this is 0.252862
n1=2 l1=0 m1=0
n2=3 l2=0 m2=0
n3=1 l3=0 m3=0
n4=4 l3=0 m4=0
this is 0.0851409
n1=2 l1=0 m1=0
n2=3 l2=0 m2=0
n3=2 l3=0 m3=0
n4=4 l3=0 m4=0
this is 1.03674
n1=2 l1=0 m1=0
n2=3 l2=0 m2=0
n3=3 l3=0 m3=0
n4=4 l3=0 m4=0
this is 0.155404
n1=2 l1=0 m1=0
n2=3 l2=0 m2=0
n3=4 l3=0 m3=0
n4=4 l3=0 m4=0
this is 0.0723219
n1=2 l1=0 m1=0
n2=3 l2=0 m2=0
n3=1 l3=0 m3=0
n4=5 l3=0 m4=0
this is 0.0606823
n1=2 l1=0 m1=0
n2=3 l2=0 m2=0
n3=2 l3=0 m3=0
n4=5 l3=0 m4=0
this is 0.58784
n1=2 l1=0 m1=0
n2=3 l2=0 m2=0
n3=3 l3=0 m3=0
n4=5 l3=0 m4=0
this is 0.107488
n1=2 l1=0 m1=0
n2=3 l2=0 m2=0
n3=4 l3=0 m3=0
n4=5 l3=0 m4=0
this is 0.0511265
n1=2 l1=0 m1=0
n2=3 l2=0 m2=0
n3=5 l3=0 m3=0
n4=5 l3=0 m4=0
this is 0.0322335
n1=2 l1=0 m1=0
n2=3 l2=0 m2=0
n3=1 l3=0 m3=0
n4=6 l3=0 m4=0
this is 0.0460545
n1=2 l1=0 m1=0
n2=3 l2=0 m2=0
n3=2 l3=0 m3=0
n4=6 l3=0 m4=0
this is 0.40117
n1=2 l1=0 m1=0
n2=3 l2=0 m2=0
n3=3 l3=0 m3=0
n4=6 l3=0 m4=0
this is 0.0801027
n1=2 l1=0 m1=0
n2=3 l2=0 m2=0
n3=4 l3=0 m3=0
n4=6 l3=0 m4=0
this is 0.0385706
n1=2 l1=0 m1=0
n2=3 l2=0 m2=0
n3=5 l3=0 m3=0
n4=6 l3=0 m4=0
this is 0.0243841
n1=2 l1=0 m1=0
n2=3 l2=0 m2=0
n3=6 l3=0 m3=0
n4=6 l3=0 m4=0
this is 0.017408
n1=3 l1=0 m1=0
n2=3 l2=0 m2=0
n3=3 l3=0 m3=0
n4=3 l3=0 m4=0
this is 3.61566
n1=3 l1=0 m1=0
n2=3 l2=0 m2=0
n3=1 l3=0 m3=0
n4=4 l3=0 m4=0
this is 0.0397335
n1=3 l1=0 m1=0
n2=3 l2=0 m2=0
n3=2 l3=0 m3=0
n4=4 l3=0 m4=0
this is 0.155404
n1=3 l1=0 m1=0
n2=3 l2=0 m2=0
n3=3 l3=0 m3=0
n4=4 l3=0 m4=0
this is 0.493737
n1=3 l1=0 m1=0
n2=3 l2=0 m2=0
n3=4 l3=0 m3=0
n4=4 l3=0 m4=0
this is 0.20546
n1=3 l1=0 m1=0
n2=3 l2=0 m2=0
n3=1 l3=0 m3=0
n4=5 l3=0 m4=0
this is 0.0283544
n1=3 l1=0 m1=0
n2=3 l2=0 m2=0
n3=2 l3=0 m3=0
n4=5 l3=0 m4=0
this is 0.107488
n1=3 l1=0 m1=0
n2=3 l2=0 m2=0
n3=3 l3=0 m3=0
n4=5 l3=0 m4=0
this is 0.229137
n1=3 l1=0 m1=0
n2=3 l2=0 m2=0
n3=4 l3=0 m3=0
n4=5 l3=0 m4=0
this is 0.117499
n1=3 l1=0 m1=0
n2=3 l2=0 m2=0
n3=5 l3=0 m3=0
n4=5 l3=0 m4=0
this is 0.0721138
n1=3 l1=0 m1=0
n2=3 l2=0 m2=0
n3=1 l3=0 m3=0
n4=6 l3=0 m4=0
this is 0.0215436
n1=3 l1=0 m1=0
n2=3 l2=0 m2=0
n3=2 l3=0 m3=0
n4=6 l3=0 m4=0
this is 0.0801027
n1=3 l1=0 m1=0
n2=3 l2=0 m2=0
n3=3 l3=0 m3=0
n4=6 l3=0 m4=0
this is 0.140697
n1=3 l1=0 m1=0
n2=3 l2=0 m2=0
n3=4 l3=0 m3=0
n4=6 l3=0 m4=0
this is 0.0789358
n1=3 l1=0 m1=0
n2=3 l2=0 m2=0
n3=5 l3=0 m3=0
n4=6 l3=0 m4=0
this is 0.0500932
n1=3 l1=0 m1=0
n2=3 l2=0 m2=0
n3=6 l3=0 m3=0
n4=6 l3=0 m4=0
this is 0.0354243
n1=1 l1=0 m1=0
n2=4 l2=0 m2=0
n3=1 l3=0 m3=0
n4=4 l3=0 m4=0
this is 3.13799
n1=1 l1=0 m1=0
n2=4 l2=0 m2=0
n3=2 l3=0 m3=0
n4=4 l3=0 m4=0
this is 0.0548921
n1=1 l1=0 m1=0
n2=4 l2=0 m2=0
n3=3 l3=0 m3=0
n4=4 l3=0 m4=0
this is 0.0256637
n1=1 l1=0 m1=0
n2=4 l2=0 m2=0
n3=4 l3=0 m3=0
n4=4 l3=0 m4=0
this is 0.0158893
n1=1 l1=0 m1=0
n2=4 l2=0 m2=0
n3=1 l3=0 m3=0
n4=5 l3=0 m4=0
this is 1.00253
n1=1 l1=0 m1=0
n2=4 l2=0 m2=0
n3=2 l3=0 m3=0
n4=5 l3=0 m4=0
this is 0.0392051
n1=1 l1=0 m1=0
n2=4 l2=0 m2=0
n3=3 l3=0 m3=0
n4=5 l3=0 m4=0
this is 0.0182987
n1=1 l1=0 m1=0
n2=4 l2=0 m2=0
n3=4 l3=0 m3=0
n4=5 l3=0 m4=0
this is 0.011337
n1=1 l1=0 m1=0
n2=4 l2=0 m2=0
n3=5 l3=0 m3=0
n4=5 l3=0 m4=0
this is 0.00794064
n1=1 l1=0 m1=0
n2=4 l2=0 m2=0
n3=1 l3=0 m3=0
n4=6 l3=0 m4=0
this is 0.647638
n1=1 l1=0 m1=0
n2=4 l2=0 m2=0
n3=2 l3=0 m3=0
n4=6 l3=0 m4=0
this is 0.02974
n1=1 l1=0 m1=0
n2=4 l2=0 m2=0
n3=3 l3=0 m3=0
n4=6 l3=0 m4=0
this is 0.0138994
n1=1 l1=0 m1=0
n2=4 l2=0 m2=0
n3=4 l3=0 m3=0
n4=6 l3=0 m4=0
this is 0.00860819
n1=1 l1=0 m1=0
n2=4 l2=0 m2=0
n3=5 l3=0 m3=0
n4=6 l3=0 m4=0
this is 0.00602609
n1=1 l1=0 m1=0
n2=4 l2=0 m2=0
n3=6 l3=0 m3=0
n4=6 l3=0 m4=0
this is 0.00453964
n1=2 l1=0 m1=0
n2=4 l2=0 m2=0
n3=2 l3=0 m3=0
n4=4 l3=0 m4=0
this is 2.79599
n1=2 l1=0 m1=0
n2=4 l2=0 m2=0
n3=3 l3=0 m3=0
n4=4 l3=0 m4=0
this is 0.09926
n1=2 l1=0 m1=0
n2=4 l2=0 m2=0
n3=4 l3=0 m3=0
n4=4 l3=0 m4=0
this is 0.0460085
n1=2 l1=0 m1=0
n2=4 l2=0 m2=0
n3=1 l3=0 m3=0
n4=5 l3=0 m4=0
this is 0.0392051
n1=2 l1=0 m1=0
n2=4 l2=0 m2=0
n3=2 l3=0 m3=0
n4=5 l3=0 m4=0
this is 0.759566
n1=2 l1=0 m1=0
n2=4 l2=0 m2=0
n3=3 l3=0 m3=0
n4=5 l3=0 m4=0
this is 0.0697368
n1=2 l1=0 m1=0
n2=4 l2=0 m2=0
n3=4 l3=0 m3=0
n4=5 l3=0 m4=0
this is 0.032574
n1=2 l1=0 m1=0
n2=4 l2=0 m2=0
n3=5 l3=0 m3=0
n4=5 l3=0 m4=0
this is 0.0205546
n1=2 l1=0 m1=0
n2=4 l2=0 m2=0
n3=1 l3=0 m3=0
n4=6 l3=0 m4=0
this is 0.02974
n1=2 l1=0 m1=0
n2=4 l2=0 m2=0
n3=2 l3=0 m3=0
n4=6 l3=0 m4=0
this is 0.463634
n1=2 l1=0 m1=0
n2=4 l2=0 m2=0
n3=3 l3=0 m3=0
n4=6 l3=0 m4=0
this is 0.0523928
n1=2 l1=0 m1=0
n2=4 l2=0 m2=0
n3=4 l3=0 m3=0
n4=6 l3=0 m4=0
this is 0.0246499
n1=2 l1=0 m1=0
n2=4 l2=0 m2=0
n3=5 l3=0 m3=0
n4=6 l3=0 m4=0
this is 0.015527
n1=2 l1=0 m1=0
n2=4 l2=0 m2=0
n3=6 l3=0 m3=0
n4=6 l3=0 m4=0
this is 0.0110987
n1=3 l1=0 m1=0
n2=4 l2=0 m2=0
n3=3 l3=0 m3=0
n4=4 l3=0 m4=0
this is 2.445
n1=3 l1=0 m1=0
n2=4 l2=0 m2=0
n3=4 l3=0 m3=0
n4=4 l3=0 m4=0
this is 0.156474
n1=3 l1=0 m1=0
n2=4 l2=0 m2=0
n3=1 l3=0 m3=0
n4=5 l3=0 m4=0
this is 0.0182987
n1=3 l1=0 m1=0
n2=4 l2=0 m2=0
n3=2 l3=0 m3=0
n4=5 l3=0 m4=0
this is 0.0697368
n1=3 l1=0 m1=0
n2=4 l2=0 m2=0
n3=3 l3=0 m3=0
n4=5 l3=0 m4=0
this is 0.516534
n1=3 l1=0 m1=0
n2=4 l2=0 m2=0
n3=4 l3=0 m3=0
n4=5 l3=0 m4=0
this is 0.103808
n1=3 l1=0 m1=0
n2=4 l2=0 m2=0
n3=5 l3=0 m3=0
n4=5 l3=0 m4=0
this is 0.0479356
n1=3 l1=0 m1=0
n2=4 l2=0 m2=0
n3=1 l3=0 m3=0
n4=6 l3=0 m4=0
this is 0.0138994
n1=3 l1=0 m1=0
n2=4 l2=0 m2=0
n3=2 l3=0 m3=0
n4=6 l3=0 m4=0
this is 0.0523928
n1=3 l1=0 m1=0
n2=4 l2=0 m2=0
n3=3 l3=0 m3=0
n4=6 l3=0 m4=0
this is 0.283189
n1=3 l1=0 m1=0
n2=4 l2=0 m2=0
n3=4 l3=0 m3=0
n4=6 l3=0 m4=0
this is 0.074417
n1=3 l1=0 m1=0
n2=4 l2=0 m2=0
n3=5 l3=0 m3=0
n4=6 l3=0 m4=0
this is 0.0359694
n1=3 l1=0 m1=0
n2=4 l2=0 m2=0
n3=6 l3=0 m3=0
n4=6 l3=0 m4=0
this is 0.0226673
n1=4 l1=0 m1=0
n2=4 l2=0 m2=0
n3=4 l3=0 m3=0
n4=4 l3=0 m4=0
this is 2.02934
n1=4 l1=0 m1=0
n2=4 l2=0 m2=0
n3=1 l3=0 m3=0
n4=5 l3=0 m4=0
this is 0.011337
n1=4 l1=0 m1=0
n2=4 l2=0 m2=0
n3=2 l3=0 m3=0
n4=5 l3=0 m4=0
this is 0.032574
n1=4 l1=0 m1=0
n2=4 l2=0 m2=0
n3=3 l3=0 m3=0
n4=5 l3=0 m4=0
this is 0.103808
n1=4 l1=0 m1=0
n2=4 l2=0 m2=0
n3=4 l3=0 m3=0
n4=5 l3=0 m4=0
this is 0.266252
n1=4 l1=0 m1=0
n2=4 l2=0 m2=0
n3=5 l3=0 m3=0
n4=5 l3=0 m4=0
this is 0.123795
n1=4 l1=0 m1=0
n2=4 l2=0 m2=0
n3=1 l3=0 m3=0
n4=6 l3=0 m4=0
this is 0.00860819
n1=4 l1=0 m1=0
n2=4 l2=0 m2=0
n3=2 l3=0 m3=0
n4=6 l3=0 m4=0
this is 0.0246499
n1=4 l1=0 m1=0
n2=4 l2=0 m2=0
n3=3 l3=0 m3=0
n4=6 l3=0 m4=0
this is 0.074417
n1=4 l1=0 m1=0
n2=4 l2=0 m2=0
n3=4 l3=0 m3=0
n4=6 l3=0 m4=0
this is 0.115911
n1=4 l1=0 m1=0
n2=4 l2=0 m2=0
n3=5 l3=0 m3=0
n4=6 l3=0 m4=0
this is 0.071463
n1=4 l1=0 m1=0
n2=4 l2=0 m2=0
n3=6 l3=0 m3=0
n4=6 l3=0 m4=0
this is 0.0460075
n1=1 l1=0 m1=0
n2=5 l2=0 m2=0
n3=1 l3=0 m3=0
n4=5 l3=0 m4=0
this is 2.04267
n1=1 l1=0 m1=0
n2=5 l2=0 m2=0
n3=2 l3=0 m3=0
n4=5 l3=0 m4=0
this is 0.0279467
n1=1 l1=0 m1=0
n2=5 l2=0 m2=0
n3=3 l3=0 m3=0
n4=5 l3=0 m4=0
this is 0.0130701
n1=1 l1=0 m1=0
n2=5 l2=0 m2=0
n3=4 l3=0 m3=0
n4=5 l3=0 m4=0
this is 0.00809244
n1=1 l1=0 m1=0
n2=5 l2=0 m2=0
n3=5 l3=0 m3=0
n4=5 l3=0 m4=0
this is 0.00567118
n1=1 l1=0 m1=0
n2=5 l2=0 m2=0
n3=1 l3=0 m3=0
n4=6 l3=0 m4=0
this is 0.693022
n1=1 l1=0 m1=0
n2=5 l2=0 m2=0
n3=2 l3=0 m3=0
n4=6 l3=0 m4=0
this is 0.0212283
n1=1 l1=0 m1=0
n2=5 l2=0 m2=0
n3=3 l3=0 m3=0
n4=6 l3=0 m4=0
this is 0.00998902
n1=1 l1=0 m1=0
n2=5 l2=0 m2=0
n3=4 l3=0 m3=0
n4=6 l3=0 m4=0
this is 0.00614433
n1=1 l1=0 m1=0
n2=5 l2=0 m2=0
n3=5 l3=0 m3=0
n4=6 l3=0 m4=0
this is 0.00430691
n1=1 l1=0 m1=0
n2=5 l2=0 m2=0
n3=6 l3=0 m3=0
n4=6 l3=0 m4=0
this is 0.00323875
n1=2 l1=0 m1=0
n2=5 l2=0 m2=0
n3=2 l3=0 m3=0
n4=5 l3=0 m4=0
this is 1.86991
n1=2 l1=0 m1=0
n2=5 l2=0 m2=0
n3=3 l3=0 m3=0
n4=5 l3=0 m4=0
this is 0.0493024
n1=2 l1=0 m1=0
n2=5 l2=0 m2=0
n3=4 l3=0 m3=0
n4=5 l3=0 m4=0
this is 0.0230846
n1=2 l1=0 m1=0
n2=5 l2=0 m2=0
n3=5 l3=0 m3=0
n4=5 l3=0 m4=0
this is 0.0145712
n1=2 l1=0 m1=0
n2=5 l2=0 m2=0
n3=1 l3=0 m3=0
n4=6 l3=0 m4=0
this is 0.0212283
n1=2 l1=0 m1=0
n2=5 l2=0 m2=0
n3=2 l3=0 m3=0
n4=6 l3=0 m4=0
this is 0.56218
n1=2 l1=0 m1=0
n2=5 l2=0 m2=0
n3=3 l3=0 m3=0
n4=6 l3=0 m4=0
this is 0.0372393
n1=2 l1=0 m1=0
n2=5 l2=0 m2=0
n3=4 l3=0 m3=0
n4=6 l3=0 m4=0
this is 0.0174646
n1=2 l1=0 m1=0
n2=5 l2=0 m2=0
n3=5 l3=0 m3=0
n4=6 l3=0 m4=0
this is 0.011022
n1=2 l1=0 m1=0
n2=5 l2=0 m2=0
n3=6 l3=0 m3=0
n4=6 l3=0 m4=0
this is 0.00786238
n1=3 l1=0 m1=0
n2=5 l2=0 m2=0
n3=3 l3=0 m3=0
n4=5 l3=0 m4=0
this is 1.69829
n1=3 l1=0 m1=0
n2=5 l2=0 m2=0
n3=4 l3=0 m3=0
n4=5 l3=0 m4=0
this is 0.0739955
n1=3 l1=0 m1=0
n2=5 l2=0 m2=0
n3=5 l3=0 m3=0
n4=5 l3=0 m4=0
this is 0.0335293
n1=3 l1=0 m1=0
n2=5 l2=0 m2=0
n3=1 l3=0 m3=0
n4=6 l3=0 m4=0
this is 0.00998902
n1=3 l1=0 m1=0
n2=5 l2=0 m2=0
n3=2 l3=0 m3=0
n4=6 l3=0 m4=0
this is 0.0372393
n1=3 l1=0 m1=0
n2=5 l2=0 m2=0
n3=3 l3=0 m3=0
n4=6 l3=0 m4=0
this is 0.433434
n1=3 l1=0 m1=0
n2=5 l2=0 m2=0
n3=4 l3=0 m3=0
n4=6 l3=0 m4=0
this is 0.0548063
n1=3 l1=0 m1=0
n2=5 l2=0 m2=0
n3=5 l3=0 m3=0
n4=6 l3=0 m4=0
this is 0.0251725
n1=3 l1=0 m1=0
n2=5 l2=0 m2=0
n3=6 l3=0 m3=0
n4=6 l3=0 m4=0
this is 0.0158724
n1=4 l1=0 m1=0
n2=5 l2=0 m2=0
n3=4 l3=0 m3=0
n4=5 l3=0 m4=0
this is 1.51447
n1=4 l1=0 m1=0
n2=5 l2=0 m2=0
n3=5 l3=0 m3=0
n4=5 l3=0 m4=0
this is 0.105835
n1=4 l1=0 m1=0
n2=5 l2=0 m2=0
n3=1 l3=0 m3=0
n4=6 l3=0 m4=0
this is 0.00614433
n1=4 l1=0 m1=0
n2=5 l2=0 m2=0
n3=2 l3=0 m3=0
n4=6 l3=0 m4=0
this is 0.0174646
n1=4 l1=0 m1=0
n2=5 l2=0 m2=0
n3=3 l3=0 m3=0
n4=6 l3=0 m4=0
this is 0.0548063
n1=4 l1=0 m1=0
n2=5 l2=0 m2=0
n3=4 l3=0 m3=0
n4=6 l3=0 m4=0
this is 0.299907
n1=4 l1=0 m1=0
n2=5 l2=0 m2=0
n3=5 l3=0 m3=0
n4=6 l3=0 m4=0
this is 0.0734668
n1=4 l1=0 m1=0
n2=5 l2=0 m2=0
n3=6 l3=0 m3=0
n4=6 l3=0 m4=0
this is 0.0337761
n1=5 l1=0 m1=0
n2=5 l2=0 m2=0
n3=5 l3=0 m3=0
n4=5 l3=0 m4=0
this is 1.29758
n1=5 l1=0 m1=0
n2=5 l2=0 m2=0
n3=1 l3=0 m3=0
n4=6 l3=0 m4=0
this is 0.00430691
n1=5 l1=0 m1=0
n2=5 l2=0 m2=0
n3=2 l3=0 m3=0
n4=6 l3=0 m4=0
this is 0.011022
n1=5 l1=0 m1=0
n2=5 l2=0 m2=0
n3=3 l3=0 m3=0
n4=6 l3=0 m4=0
this is 0.0251725
n1=5 l1=0 m1=0
n2=5 l2=0 m2=0
n3=4 l3=0 m3=0
n4=6 l3=0 m4=0
this is 0.0734668
n1=5 l1=0 m1=0
n2=5 l2=0 m2=0
n3=5 l3=0 m3=0
n4=6 l3=0 m4=0
this is 0.16472
n1=5 l1=0 m1=0
n2=5 l2=0 m2=0
n3=6 l3=0 m3=0
n4=6 l3=0 m4=0
this is 0.0828121
n1=1 l1=0 m1=0
n2=6 l2=0 m2=0
n3=1 l3=0 m3=0
n4=6 l3=0 m4=0
this is 1.4343
n1=1 l1=0 m1=0
n2=6 l2=0 m2=0
n3=2 l3=0 m3=0
n4=6 l3=0 m4=0
this is 0.0161134
n1=1 l1=0 m1=0
n2=6 l2=0 m2=0
n3=3 l3=0 m3=0
n4=6 l3=0 m4=0
this is 0.00754373
n1=1 l1=0 m1=0
n2=6 l2=0 m2=0
n3=4 l3=0 m3=0
n4=6 l3=0 m4=0
this is 0.0046709
n1=1 l1=0 m1=0
n2=6 l2=0 m2=0
n3=5 l3=0 m3=0
n4=6 l3=0 m4=0
this is 0.00326982
n1=1 l1=0 m1=0
n2=6 l2=0 m2=0
n3=6 l3=0 m3=0
n4=6 l3=0 m4=0
this is 0.00245956
n1=2 l1=0 m1=0
n2=6 l2=0 m2=0
n3=2 l3=0 m3=0
n4=6 l3=0 m4=0
this is 1.33505
n1=2 l1=0 m1=0
n2=6 l2=0 m2=0
n3=3 l3=0 m3=0
n4=6 l3=0 m4=0
this is 0.0281394
n1=2 l1=0 m1=0
n2=6 l2=0 m2=0
n3=4 l3=0 m3=0
n4=6 l3=0 m4=0
this is 0.0134782
n1=2 l1=0 m1=0
n2=6 l2=0 m2=0
n3=5 l3=0 m3=0
n4=6 l3=0 m4=0
this is 0.00833188
n1=2 l1=0 m1=0
n2=6 l2=0 m2=0
n3=6 l3=0 m3=0
n4=6 l3=0 m4=0
this is 0.00595762
n1=3 l1=0 m1=0
n2=6 l2=0 m2=0
n3=3 l3=0 m3=0
n4=6 l3=0 m4=0
this is 1.23789
n1=3 l1=0 m1=0
n2=6 l2=0 m2=0
n3=4 l3=0 m3=0
n4=6 l3=0 m4=0
this is 0.0413332
n1=3 l1=0 m1=0
n2=6 l2=0 m2=0
n3=5 l3=0 m3=0
n4=6 l3=0 m4=0
this is 0.0189859
n1=3 l1=0 m1=0
n2=6 l2=0 m2=0
n3=6 l3=0 m3=0
n4=6 l3=0 m4=0
this is 0.0119896
n1=4 l1=0 m1=0
n2=6 l2=0 m2=0
n3=4 l3=0 m3=0
n4=6 l3=0 m4=0
this is 1.13697
n1=4 l1=0 m1=0
n2=6 l2=0 m2=0
n3=5 l3=0 m3=0
n4=6 l3=0 m4=0
this is 0.05659
n1=4 l1=0 m1=0
n2=6 l2=0 m2=0
n3=6 l3=0 m3=0
n4=6 l3=0 m4=0
this is 0.0250803
n1=5 l1=0 m1=0
n2=6 l2=0 m2=0
n3=5 l3=0 m3=0
n4=6 l3=0 m4=0
this is 1.02801
n1=5 l1=0 m1=0
n2=6 l2=0 m2=0
n3=6 l3=0 m3=0
n4=6 l3=0 m4=0
this is 0.0761278
n1=6 l1=0 m1=0
n2=6 l2=0 m2=0
n3=6 l3=0 m3=0
n4=6 l3=0 m4=0
this is 0.900529
n1=1 l1=0 m1=0
n2=2 l2=0 m2=0
n3=1 l3=0 m3=0
n4=2 l3=0 m4=0
this is 11.4272
n1=1 l1=0 m1=0
n2=2 l2=0 m2=0
n3=1 l3=0 m3=0
n4=3 l3=0 m4=0
this is 2.75098
n1=1 l1=0 m1=0
n2=2 l2=0 m2=0
n3=2 l3=0 m3=0
n4=3 l3=0 m4=0
this is 0.247182
n1=1 l1=0 m1=0
n2=2 l2=0 m2=0
n3=1 l3=0 m3=0
n4=4 l3=0 m4=0
this is 1.56349
n1=1 l1=0 m1=0
n2=2 l2=0 m2=0
n3=2 l3=0 m3=0
n4=4 l3=0 m4=0
this is 0.158781
n1=1 l1=0 m1=0
n2=2 l2=0 m2=0
n3=3 l3=0 m3=0
n4=4 l3=0 m4=0
this is 0.0740436
n1=1 l1=0 m1=0
n2=2 l2=0 m2=0
n3=1 l3=0 m3=0
n4=5 l3=0 m4=0
this is 1.06021
n1=1 l1=0 m1=0
n2=2 l2=0 m2=0
n3=2 l3=0 m3=0
n4=5 l3=0 m4=0
this is 0.113012
n1=1 l1=0 m1=0
n2=2 l2=0 m2=0
n3=3 l3=0 m3=0
n4=5 l3=0 m4=0
this is 0.0527979
n1=1 l1=0 m1=0
n2=2 l2=0 m2=0
n3=4 l3=0 m3=0
n4=5 l3=0 m4=0
this is 0.0326671
n1=1 l1=0 m1=0
n2=2 l2=0 m2=0
n3=1 l3=0 m3=0
n4=6 l3=0 m4=0
this is 0.784659
n1=1 l1=0 m1=0
n2=2 l2=0 m2=0
n3=2 l3=0 m3=0
n4=6 l3=0 m4=0
this is 0.085714
n1=1 l1=0 m1=0
n2=2 l2=0 m2=0
n3=3 l3=0 m3=0
n4=6 l3=0 m4=0
this is 0.0400915
n1=1 l1=0 m1=0
n2=2 l2=0 m2=0
n3=4 l3=0 m3=0
n4=6 l3=0 m4=0
this is 0.0248095
n1=1 l1=0 m1=0
n2=2 l2=0 m2=0
n3=5 l3=0 m3=0
n4=6 l3=0 m4=0
this is 0.017377
n1=1 l1=0 m1=0
n2=3 l2=0 m2=0
n3=1 l3=0 m3=0
n4=3 l3=0 m4=0
this is 5.41684
n1=1 l1=0 m1=0
n2=3 l2=0 m2=0
n3=2 l3=0 m3=0
n4=3 l3=0 m4=0
this is 0.132144
n1=1 l1=0 m1=0
n2=3 l2=0 m2=0
n3=1 l3=0 m3=0
n4=4 l3=0 m4=0
this is 1.57017
n1=1 l1=0 m1=0
n2=3 l2=0 m2=0
n3=2 l3=0 m3=0
n4=4 l3=0 m4=0
this is 0.0851409
n1=1 l1=0 m1=0
n2=3 l2=0 m2=0
n3=3 l3=0 m3=0
n4=4 l3=0 m4=0
this is 0.0397335
n1=1 l1=0 m1=0
n2=3 l2=0 m2=0
n3=1 l3=0 m3=0
n4=5 l3=0 m4=0
this is 0.965639
n1=1 l1=0 m1=0
n2=3 l2=0 m2=0
n3=2 l3=0 m3=0
n4=5 l3=0 m4=0
this is 0.0606823
n1=1 l1=0 m1=0
n2=3 l2=0 m2=0
n3=3 l3=0 m3=0
n4=5 l3=0 m4=0
this is 0.0283544
n1=1 l1=0 m1=0
n2=3 l2=0 m2=0
n3=4 l3=0 m3=0
n4=5 l3=0 m4=0
this is 0.0175513
n1=1 l1=0 m1=0
n2=3 l2=0 m2=0
n3=1 l3=0 m3=0
n4=6 l3=0 m4=0
this is 0.687043
n1=1 l1=0 m1=0
n2=3 l2=0 m2=0
n3=2 l3=0 m3=0
n4=6 l3=0 m4=0
this is 0.0460545
n1=1 l1=0 m1=0
n2=3 l2=0 m2=0
n3=3 l3=0 m3=0
n4=6 l3=0 m4=0
this is 0.0215436
n1=1 l1=0 m1=0
n2=3 l2=0 m2=0
n3=4 l3=0 m3=0
n4=6 l3=0 m4=0
this is 0.0133301
n1=1 l1=0 m1=0
n2=3 l2=0 m2=0
n3=5 l3=0 m3=0
n4=6 l3=0 m4=0
this is 0.00933744
n1=2 l1=0 m1=0
n2=3 l2=0 m2=0
n3=2 l3=0 m3=0
n4=3 l3=0 m4=0
this is 4.57972
n1=2 l1=0 m1=0
n2=3 l2=0 m2=0
n3=1 l3=0 m3=0
n4=4 l3=0 m4=0
this is 0.0851409
n1=2 l1=0 m1=0
n2=3 l2=0 m2=0
n3=2 l3=0 m3=0
n4=4 l3=0 m4=0
this is 1.03674
n1=2 l1=0 m1=0
n2=3 l2=0 m2=0
n3=3 l3=0 m3=0
n4=4 l3=0 m4=0
this is 0.155404
n1=2 l1=0 m1=0
n2=3 l2=0 m2=0
n3=1 l3=0 m3=0
n4=5 l3=0 m4=0
this is 0.0606823
n1=2 l1=0 m1=0
n2=3 l2=0 m2=0
n3=2 l3=0 m3=0
n4=5 l3=0 m4=0
this is 0.58784
n1=2 l1=0 m1=0
n2=3 l2=0 m2=0
n3=3 l3=0 m3=0
n4=5 l3=0 m4=0
this is 0.107488
n1=2 l1=0 m1=0
n2=3 l2=0 m2=0
n3=4 l3=0 m3=0
n4=5 l3=0 m4=0
this is 0.0511265
n1=2 l1=0 m1=0
n2=3 l2=0 m2=0
n3=1 l3=0 m3=0
n4=6 l3=0 m4=0
this is 0.0460545
n1=2 l1=0 m1=0
n2=3 l2=0 m2=0
n3=2 l3=0 m3=0
n4=6 l3=0 m4=0
this is 0.40117
n1=2 l1=0 m1=0
n2=3 l2=0 m2=0
n3=3 l3=0 m3=0
n4=6 l3=0 m4=0
this is 0.0801027
n1=2 l1=0 m1=0
n2=3 l2=0 m2=0
n3=4 l3=0 m3=0
n4=6 l3=0 m4=0
this is 0.0385706
n1=2 l1=0 m1=0
n2=3 l2=0 m2=0
n3=5 l3=0 m3=0
n4=6 l3=0 m4=0
this is 0.0243841
n1=1 l1=0 m1=0
n2=4 l2=0 m2=0
n3=1 l3=0 m3=0
n4=4 l3=0 m4=0
this is 3.13799
n1=1 l1=0 m1=0
n2=4 l2=0 m2=0
n3=2 l3=0 m3=0
n4=4 l3=0 m4=0
this is 0.0548921
n1=1 l1=0 m1=0
n2=4 l2=0 m2=0
n3=3 l3=0 m3=0
n4=4 l3=0 m4=0
this is 0.0256637
n1=1 l1=0 m1=0
n2=4 l2=0 m2=0
n3=1 l3=0 m3=0
n4=5 l3=0 m4=0
this is 1.00253
n1=1 l1=0 m1=0
n2=4 l2=0 m2=0
n3=2 l3=0 m3=0
n4=5 l3=0 m4=0
this is 0.0392051
n1=1 l1=0 m1=0
n2=4 l2=0 m2=0
n3=3 l3=0 m3=0
n4=5 l3=0 m4=0
this is 0.0182987
n1=1 l1=0 m1=0
n2=4 l2=0 m2=0
n3=4 l3=0 m3=0
n4=5 l3=0 m4=0
this is 0.011337
n1=1 l1=0 m1=0
n2=4 l2=0 m2=0
n3=1 l3=0 m3=0
n4=6 l3=0 m4=0
this is 0.647638
n1=1 l1=0 m1=0
n2=4 l2=0 m2=0
n3=2 l3=0 m3=0
n4=6 l3=0 m4=0
this is 0.02974
n1=1 l1=0 m1=0
n2=4 l2=0 m2=0
n3=3 l3=0 m3=0
n4=6 l3=0 m4=0
this is 0.0138994
n1=1 l1=0 m1=0
n2=4 l2=0 m2=0
n3=4 l3=0 m3=0
n4=6 l3=0 m4=0
this is 0.00860819
n1=1 l1=0 m1=0
n2=4 l2=0 m2=0
n3=5 l3=0 m3=0
n4=6 l3=0 m4=0
this is 0.00602609
n1=2 l1=0 m1=0
n2=4 l2=0 m2=0
n3=2 l3=0 m3=0
n4=4 l3=0 m4=0
this is 2.79599
n1=2 l1=0 m1=0
n2=4 l2=0 m2=0
n3=3 l3=0 m3=0
n4=4 l3=0 m4=0
this is 0.09926
n1=2 l1=0 m1=0
n2=4 l2=0 m2=0
n3=1 l3=0 m3=0
n4=5 l3=0 m4=0
this is 0.0392051
n1=2 l1=0 m1=0
n2=4 l2=0 m2=0
n3=2 l3=0 m3=0
n4=5 l3=0 m4=0
this is 0.759566
n1=2 l1=0 m1=0
n2=4 l2=0 m2=0
n3=3 l3=0 m3=0
n4=5 l3=0 m4=0
this is 0.0697368
n1=2 l1=0 m1=0
n2=4 l2=0 m2=0
n3=4 l3=0 m3=0
n4=5 l3=0 m4=0
this is 0.032574
n1=2 l1=0 m1=0
n2=4 l2=0 m2=0
n3=1 l3=0 m3=0
n4=6 l3=0 m4=0
this is 0.02974
n1=2 l1=0 m1=0
n2=4 l2=0 m2=0
n3=2 l3=0 m3=0
n4=6 l3=0 m4=0
this is 0.463634
n1=2 l1=0 m1=0
n2=4 l2=0 m2=0
n3=3 l3=0 m3=0
n4=6 l3=0 m4=0
this is 0.0523928
n1=2 l1=0 m1=0
n2=4 l2=0 m2=0
n3=4 l3=0 m3=0
n4=6 l3=0 m4=0
this is 0.0246499
n1=2 l1=0 m1=0
n2=4 l2=0 m2=0
n3=5 l3=0 m3=0
n4=6 l3=0 m4=0
this is 0.015527
n1=3 l1=0 m1=0
n2=4 l2=0 m2=0
n3=3 l3=0 m3=0
n4=4 l3=0 m4=0
this is 2.445
n1=3 l1=0 m1=0
n2=4 l2=0 m2=0
n3=1 l3=0 m3=0
n4=5 l3=0 m4=0
this is 0.0182987
n1=3 l1=0 m1=0
n2=4 l2=0 m2=0
n3=2 l3=0 m3=0
n4=5 l3=0 m4=0
this is 0.0697368
n1=3 l1=0 m1=0
n2=4 l2=0 m2=0
n3=3 l3=0 m3=0
n4=5 l3=0 m4=0
this is 0.516534
n1=3 l1=0 m1=0
n2=4 l2=0 m2=0
n3=4 l3=0 m3=0
n4=5 l3=0 m4=0
this is 0.103808
n1=3 l1=0 m1=0
n2=4 l2=0 m2=0
n3=1 l3=0 m3=0
n4=6 l3=0 m4=0
this is 0.0138994
n1=3 l1=0 m1=0
n2=4 l2=0 m2=0
n3=2 l3=0 m3=0
n4=6 l3=0 m4=0
this is 0.0523928
n1=3 l1=0 m1=0
n2=4 l2=0 m2=0
n3=3 l3=0 m3=0
n4=6 l3=0 m4=0
this is 0.283189
n1=3 l1=0 m1=0
n2=4 l2=0 m2=0
n3=4 l3=0 m3=0
n4=6 l3=0 m4=0
this is 0.074417
n1=3 l1=0 m1=0
n2=4 l2=0 m2=0
n3=5 l3=0 m3=0
n4=6 l3=0 m4=0
this is 0.0359694
n1=1 l1=0 m1=0
n2=5 l2=0 m2=0
n3=1 l3=0 m3=0
n4=5 l3=0 m4=0
this is 2.04267
n1=1 l1=0 m1=0
n2=5 l2=0 m2=0
n3=2 l3=0 m3=0
n4=5 l3=0 m4=0
this is 0.0279467
n1=1 l1=0 m1=0
n2=5 l2=0 m2=0
n3=3 l3=0 m3=0
n4=5 l3=0 m4=0
this is 0.0130701
n1=1 l1=0 m1=0
n2=5 l2=0 m2=0
n3=4 l3=0 m3=0
n4=5 l3=0 m4=0
this is 0.00809244
n1=1 l1=0 m1=0
n2=5 l2=0 m2=0
n3=1 l3=0 m3=0
n4=6 l3=0 m4=0
this is 0.693022
n1=1 l1=0 m1=0
n2=5 l2=0 m2=0
n3=2 l3=0 m3=0
n4=6 l3=0 m4=0
this is 0.0212283
n1=1 l1=0 m1=0
n2=5 l2=0 m2=0
n3=3 l3=0 m3=0
n4=6 l3=0 m4=0
this is 0.00998902
n1=1 l1=0 m1=0
n2=5 l2=0 m2=0
n3=4 l3=0 m3=0
n4=6 l3=0 m4=0
this is 0.00614433
n1=1 l1=0 m1=0
n2=5 l2=0 m2=0
n3=5 l3=0 m3=0
n4=6 l3=0 m4=0
this is 0.00430691
n1=2 l1=0 m1=0
n2=5 l2=0 m2=0
n3=2 l3=0 m3=0
n4=5 l3=0 m4=0
this is 1.86991
n1=2 l1=0 m1=0
n2=5 l2=0 m2=0
n3=3 l3=0 m3=0
n4=5 l3=0 m4=0
this is 0.0493024
n1=2 l1=0 m1=0
n2=5 l2=0 m2=0
n3=4 l3=0 m3=0
n4=5 l3=0 m4=0
this is 0.0230846
n1=2 l1=0 m1=0
n2=5 l2=0 m2=0
n3=1 l3=0 m3=0
n4=6 l3=0 m4=0
this is 0.0212283
n1=2 l1=0 m1=0
n2=5 l2=0 m2=0
n3=2 l3=0 m3=0
n4=6 l3=0 m4=0
this is 0.56218
n1=2 l1=0 m1=0
n2=5 l2=0 m2=0
n3=3 l3=0 m3=0
n4=6 l3=0 m4=0
this is 0.0372393
n1=2 l1=0 m1=0
n2=5 l2=0 m2=0
n3=4 l3=0 m3=0
n4=6 l3=0 m4=0
this is 0.0174646
n1=2 l1=0 m1=0
n2=5 l2=0 m2=0
n3=5 l3=0 m3=0
n4=6 l3=0 m4=0
this is 0.011022
n1=3 l1=0 m1=0
n2=5 l2=0 m2=0
n3=3 l3=0 m3=0
n4=5 l3=0 m4=0
this is 1.69829
n1=3 l1=0 m1=0
n2=5 l2=0 m2=0
n3=4 l3=0 m3=0
n4=5 l3=0 m4=0
this is 0.0739955
n1=3 l1=0 m1=0
n2=5 l2=0 m2=0
n3=1 l3=0 m3=0
n4=6 l3=0 m4=0
this is 0.00998902
n1=3 l1=0 m1=0
n2=5 l2=0 m2=0
n3=2 l3=0 m3=0
n4=6 l3=0 m4=0
this is 0.0372393
n1=3 l1=0 m1=0
n2=5 l2=0 m2=0
n3=3 l3=0 m3=0
n4=6 l3=0 m4=0
this is 0.433434
n1=3 l1=0 m1=0
n2=5 l2=0 m2=0
n3=4 l3=0 m3=0
n4=6 l3=0 m4=0
this is 0.0548063
n1=3 l1=0 m1=0
n2=5 l2=0 m2=0
n3=5 l3=0 m3=0
n4=6 l3=0 m4=0
this is 0.0251725
n1=4 l1=0 m1=0
n2=5 l2=0 m2=0
n3=4 l3=0 m3=0
n4=5 l3=0 m4=0
this is 1.51447
n1=4 l1=0 m1=0
n2=5 l2=0 m2=0
n3=1 l3=0 m3=0
n4=6 l3=0 m4=0
this is 0.00614433
n1=4 l1=0 m1=0
n2=5 l2=0 m2=0
n3=2 l3=0 m3=0
n4=6 l3=0 m4=0
this is 0.0174646
n1=4 l1=0 m1=0
n2=5 l2=0 m2=0
n3=3 l3=0 m3=0
n4=6 l3=0 m4=0
this is 0.0548063
n1=4 l1=0 m1=0
n2=5 l2=0 m2=0
n3=4 l3=0 m3=0
n4=6 l3=0 m4=0
this is 0.299907
n1=4 l1=0 m1=0
n2=5 l2=0 m2=0
n3=5 l3=0 m3=0
n4=6 l3=0 m4=0
this is 0.0734668
n1=1 l1=0 m1=0
n2=6 l2=0 m2=0
n3=1 l3=0 m3=0
n4=6 l3=0 m4=0
this is 1.4343
n1=1 l1=0 m1=0
n2=6 l2=0 m2=0
n3=2 l3=0 m3=0
n4=6 l3=0 m4=0
this is 0.0161134
n1=1 l1=0 m1=0
n2=6 l2=0 m2=0
n3=3 l3=0 m3=0
n4=6 l3=0 m4=0
this is 0.00754373
n1=1 l1=0 m1=0
n2=6 l2=0 m2=0
n3=4 l3=0 m3=0
n4=6 l3=0 m4=0
this is 0.0046709
n1=1 l1=0 m1=0
n2=6 l2=0 m2=0
n3=5 l3=0 m3=0
n4=6 l3=0 m4=0
this is 0.00326982
n1=2 l1=0 m1=0
n2=6 l2=0 m2=0
n3=2 l3=0 m3=0
n4=6 l3=0 m4=0
this is 1.33505
n1=2 l1=0 m1=0
n2=6 l2=0 m2=0
n3=3 l3=0 m3=0
n4=6 l3=0 m4=0
this is 0.0281394
n1=2 l1=0 m1=0
n2=6 l2=0 m2=0
n3=4 l3=0 m3=0
n4=6 l3=0 m4=0
this is 0.0134782
n1=2 l1=0 m1=0
n2=6 l2=0 m2=0
n3=5 l3=0 m3=0
n4=6 l3=0 m4=0
this is 0.00833188
n1=3 l1=0 m1=0
n2=6 l2=0 m2=0
n3=3 l3=0 m3=0
n4=6 l3=0 m4=0
this is 1.23789
n1=3 l1=0 m1=0
n2=6 l2=0 m2=0
n3=4 l3=0 m3=0
n4=6 l3=0 m4=0
this is 0.0413332
n1=3 l1=0 m1=0
n2=6 l2=0 m2=0
n3=5 l3=0 m3=0
n4=6 l3=0 m4=0
this is 0.0189859
n1=4 l1=0 m1=0
n2=6 l2=0 m2=0
n3=4 l3=0 m3=0
n4=6 l3=0 m4=0
this is 1.13697
n1=4 l1=0 m1=0
n2=6 l2=0 m2=0
n3=5 l3=0 m3=0
n4=6 l3=0 m4=0
this is 0.05659
n1=5 l1=0 m1=0
n2=6 l2=0 m2=0
n3=5 l3=0 m3=0
n4=6 l3=0 m4=0
this is 1.02801
Adding Hydrogen Energies.
OneBody=
  -54.4228         0         0         0         0         0
         0  -13.6057         0         0         0         0
         0         0   -6.0470         0         0         0
         0         0         0   -3.4014         0         0
         0         0         0         0   -2.1769         0
         0         0         0         0         0   -1.5117

TwoBody=
----- Channel 0 with J=0-----
   34.0292    4.8648    1.1948    2.3933    0.6110    0.3140    1.5030    0.3884    0.1999    0.1273    1.0591    0.2752    0.1417    0.0903    0.0641    0.7991    0.2082    0.1073    0.0684    0.0485    0.0367
    4.8648   11.4272    0.4673    2.7510    0.2472    0.1147    1.5635    0.1588    0.0740    0.0458    1.0602    0.1130    0.0528    0.0327    0.0229    0.7847    0.0857    0.0401    0.0248    0.0174    0.0131
    1.1948    0.4673    8.1881    0.2472    1.1688    0.4070    0.1588    0.5746    0.2267    0.1303    0.1130    0.3651    0.1512    0.0881    0.0598    0.0857    0.2610    0.1107    0.0649    0.0442    0.0327
    2.3933    2.7510    0.2472    5.4168    0.1321    0.0615    1.5702    0.0851    0.0397    0.0246    0.9656    0.0607    0.0284    0.0176    0.0123    0.6870    0.0461    0.0215    0.0133    0.0093    0.0070
    0.6110    0.2472    1.1688    0.1321    4.5797    0.2529    0.0851    1.0367    0.1554    0.0723    0.0607    0.5878    0.1075    0.0511    0.0322    0.0461    0.4012    0.0801    0.0386    0.0244    0.0174
    0.3140    0.1147    0.4070    0.0615    0.2529    3.6157    0.0397    0.1554    0.4937    0.2055    0.0284    0.1075    0.2291    0.1175    0.0721    0.0215    0.0801    0.1407    0.0789    0.0501    0.0354
    1.5030    1.5635    0.1588    1.5702    0.0851    0.0397    3.1380    0.0549    0.0257    0.0159    1.0025    0.0392    0.0183    0.0113    0.0079    0.6476    0.0297    0.0139    0.0086    0.0060    0.0045
    0.3884    0.1588    0.5746    0.0851    1.0367    0.1554    0.0549    2.7960    0.0993    0.0460    0.0392    0.7596    0.0697    0.0326    0.0206    0.0297    0.4636    0.0524    0.0246    0.0155    0.0111
    0.1999    0.0740    0.2267    0.0397    0.1554    0.4937    0.0257    0.0993    2.4450    0.1565    0.0183    0.0697    0.5165    0.1038    0.0479    0.0139    0.0524    0.2832    0.0744    0.0360    0.0227
    0.1273    0.0458    0.1303    0.0246    0.0723    0.2055    0.0159    0.0460    0.1565    2.0293    0.0113    0.0326    0.1038    0.2663    0.1238    0.0086    0.0246    0.0744    0.1159    0.0715    0.0460
    1.0591    1.0602    0.1130    0.9656    0.0607    0.0284    1.0025    0.0392    0.0183    0.0113    2.0427    0.0279    0.0131    0.0081    0.0057    0.6930    0.0212    0.0100    0.0061    0.0043    0.0032
    0.2752    0.1130    0.3651    0.0607    0.5878    0.1075    0.0392    0.7596    0.0697    0.0326    0.0279    1.8699    0.0493    0.0231    0.0146    0.0212    0.5622    0.0372    0.0175    0.0110    0.0079
    0.1417    0.0528    0.1512    0.0284    0.1075    0.2291    0.0183    0.0697    0.5165    0.1038    0.0131    0.0493    1.6983    0.0740    0.0335    0.0100    0.0372    0.4334    0.0548    0.0252    0.0159
    0.0903    0.0327    0.0881    0.0176    0.0511    0.1175    0.0113    0.0326    0.1038    0.2663    0.0081    0.0231    0.0740    1.5145    0.1058    0.0061    0.0175    0.0548    0.2999    0.0735    0.0338
    0.0641    0.0229    0.0598    0.0123    0.0322    0.0721    0.0079    0.0206    0.0479    0.1238    0.0057    0.0146    0.0335    0.1058    1.2976    0.0043    0.0110    0.0252    0.0735    0.1647    0.0828
    0.7991    0.7847    0.0857    0.6870    0.0461    0.0215    0.6476    0.0297    0.0139    0.0086    0.6930    0.0212    0.0100    0.0061    0.0043    1.4343    0.0161    0.0075    0.0047    0.0033    0.0025
    0.2082    0.0857    0.2610    0.0461    0.4012    0.0801    0.0297    0.4636    0.0524    0.0246    0.0212    0.5622    0.0372    0.0175    0.0110    0.0161    1.3351    0.0281    0.0135    0.0083    0.0060
    0.1073    0.0401    0.1107    0.0215    0.0801    0.1407    0.0139    0.0524    0.2832    0.0744    0.0100    0.0372    0.4334    0.0548    0.0252    0.0075    0.0281    1.2379    0.0413    0.0190    0.0120
    0.0684    0.0248    0.0649    0.0133    0.0386    0.0789    0.0086    0.0246    0.0744    0.1159    0.0061    0.0175    0.0548    0.2999    0.0735    0.0047    0.0135    0.0413    1.1370    0.0566    0.0251
    0.0485    0.0174    0.0442    0.0093    0.0244    0.0501    0.0060    0.0155    0.0360    0.0715    0.0043    0.0110    0.0252    0.0735    0.1647    0.0033    0.0083    0.0190    0.0566    1.0280    0.0761
    0.0367    0.0131    0.0327    0.0070    0.0174    0.0354    0.0045    0.0111    0.0227    0.0460    0.0032    0.0079    0.0159    0.0338    0.0828    0.0025    0.0060    0.0120    0.0251    0.0761    0.9005

----- Channel 1 with J=1-----
   11.4272    2.7510    0.2472    1.5635    0.1588    0.0740    1.0602    0.1130    0.0528    0.0327    0.7847    0.0857    0.0401    0.0248    0.0174
    2.7510    5.4168    0.1321    1.5702    0.0851    0.0397    0.9656    0.0607    0.0284    0.0176    0.6870    0.0461    0.0215    0.0133    0.0093
    0.2472    0.1321    4.5797    0.0851    1.0367    0.1554    0.0607    0.5878    0.1075    0.0511    0.0461    0.4012    0.0801    0.0386    0.0244
    1.5635    1.5702    0.0851    3.1380    0.0549    0.0257    1.0025    0.0392    0.0183    0.0113    0.6476    0.0297    0.0139    0.0086    0.0060
    0.1588    0.0851    1.0367    0.0549    2.7960    0.0993    0.0392    0.7596    0.0697    0.0326    0.0297    0.4636    0.0524    0.0246    0.0155
    0.0740    0.0397    0.1554    0.0257    0.0993    2.4450    0.0183    0.0697    0.5165    0.1038    0.0139    0.0524    0.2832    0.0744    0.0360
    1.0602    0.9656    0.0607    1.0025    0.0392    0.0183    2.0427    0.0279    0.0131    0.0081    0.6930    0.0212    0.0100    0.0061    0.0043
    0.1130    0.0607    0.5878    0.0392    0.7596    0.0697    0.0279    1.8699    0.0493    0.0231    0.0212    0.5622    0.0372    0.0175    0.0110
    0.0528    0.0284    0.1075    0.0183    0.0697    0.5165    0.0131    0.0493    1.6983    0.0740    0.0100    0.0372    0.4334    0.0548    0.0252
    0.0327    0.0176    0.0511    0.0113    0.0326    0.1038    0.0081    0.0231    0.0740    1.5145    0.0061    0.0175    0.0548    0.2999    0.0735
    0.7847    0.6870    0.0461    0.6476    0.0297    0.0139    0.6930    0.0212    0.0100    0.0061    1.4343    0.0161    0.0075    0.0047    0.0033
    0.0857    0.0461    0.4012    0.0297    0.4636    0.0524    0.0212    0.5622    0.0372    0.0175    0.0161    1.3351    0.0281    0.0135    0.0083
    0.0401    0.0215    0.0801    0.0139    0.0524    0.2832    0.0100    0.0372    0.4334    0.0548    0.0075    0.0281    1.2379    0.0413    0.0190
    0.0248    0.0133    0.0386    0.0086    0.0246    0.0744    0.0061    0.0175    0.0548    0.2999    0.0047    0.0135    0.0413    1.1370    0.0566
    0.0174    0.0093    0.0244    0.0060    0.0155    0.0360    0.0043    0.0110    0.0252    0.0735    0.0033    0.0083    0.0190    0.0566    1.0280

----- Channel 2 with J=0-----
[matrix size: 0x0]

----- Channel 3 with J=1-----
[matrix size: 0x0]

----- Channel 4 with J=0-----
[matrix size: 0x0]

----- Channel 5 with J=1-----
[matrix size: 0x0]

----- Channel 6 with J=0-----
[matrix size: 0x0]

----- Channel 7 with J=1-----
[matrix size: 0x0]

----- Channel 8 with J=0-----
[matrix size: 0x0]

----- Channel 9 with J=1-----
[matrix size: 0x0]

----- Channel 10 with J=0-----
[matrix size: 0x0]

----- Channel 11 with J=1-----
[matrix size: 0x0]

About to create hf(Hbare)
done Converting Hbare to HF basis
HF converged after 14 iterations. 
e1hf = -106.7798517
e2hf = 30.6512520
e3hf = 0.0000000
EHF = -76.1285997
Rho=
   0.9756  -0.1414  -0.0492  -0.0288  -0.0199  -0.0151
  -0.1414   0.0205   0.0071   0.0042   0.0029   0.0022
  -0.0492   0.0071   0.0025   0.0015   0.0010   0.0008
  -0.0288   0.0042   0.0015   0.0008   0.0006   0.0004
  -0.0199   0.0029   0.0010   0.0006   0.0004   0.0003
  -0.0151   0.0022   0.0008   0.0004   0.0003   0.0002

EHF = -76.1285997
Perturbative estimates of gs energy:
EMP2 = -0.0266837
done with pp and hh. E(3) = 0.0133968
EMP3 = 0.0133968
To 3rd order, E = -0.0132870
About to calculate all of the operators.
In Atomic, about to normal order Hbare.
Getting normal-ordered H in HF basis
Hbare should be normal ordered.
About to set IMSRGSolver for Hbare.
About to Set valence_generator.
About to set smax.
About to Solve imsrg.
    i         s              E0         ||H_1||         ||H_2||       ||Omega||       ||Eta_1||       ||Eta_2||  Ncomm          E(MP2)  N_Ops    Walltime (s)        Memory (MB)
-------------------------------------------------------------------------------------------------------------------------------------------------------------------------------
    0     0.000   -76.128599658    28.049989240    43.097306171     0.000000000     0.000000000     0.090029595      0    -0.109401692      5     105.128       8.664 / 8.656
    1     0.500   -76.250003317    28.214096248    42.970829266     0.045014797     0.008689605     0.030516532      6    -0.014618030      5     105.174       8.891 / 8.891
    2     1.000   -76.266461497    28.261673254    42.973012088     0.060202669     0.007339447     0.012035048     13    -0.003148678      5     105.212       8.910 / 8.910
    3     1.500   -76.269988125    28.287984819    42.979331667     0.066275778     0.005015674     0.005431801     21    -0.000911776      5     105.255       8.934 / 8.934
    4     2.000   -76.270992709    28.303790894    42.983019737     0.069093941     0.003219033     0.002713763     29    -0.000303494      5     105.298       8.949 / 8.949
    5     2.500   -76.271319037    28.313176930    42.985010211     0.070542588     0.002017651     0.001457493     37    -0.000107639      5     105.341       8.969 / 8.969
    6     3.000   -76.271432787    28.318689304    42.985926118     0.071339083     0.001238382     0.000825481     44    -0.000038861      5     105.379       8.973 / 8.973
    7     3.500   -76.271472475    28.321858223    42.986440807     0.071792658     0.000759874     0.000480677     51    -0.000014298      5     105.418       8.977 / 8.977
    8     4.000   -76.271486464    28.323690749    42.986734816     0.072055419     0.000466519     0.000285204     58    -0.000005324      5     105.456       8.980 / 8.980
    9     4.500   -76.271491377    28.324757403    42.986905189     0.072209530     0.000286665     0.000171354     65    -0.000001997      5     105.494       8.984 / 8.984
   10     5.000   -76.271493069    28.325382417    42.987005055     0.072300750     0.000176310     0.000103810     72    -0.000000753      5     105.532       8.988 / 8.988
   11     5.500   -76.271493625    28.325751007    42.987064122     0.072355127     0.000108530     0.000063240     79    -0.000000285      5     105.570       8.992 / 8.992
   12     6.000   -76.271493788    28.325969674    42.987099307     0.072387725     0.000066856     0.000038670     86    -0.000000108      5     105.608       8.996 / 8.996
   13     6.500   -76.271493823    28.326100099    42.987120386     0.072407355     0.000041210     0.000023707     93    -0.000000041      5     105.646       9.000 / 9.000
